0.7437
0.7421
0.7429
0.7484
0.7506
0.7469
0.7494
0.7355
0.7474
0.7459
0.7435
0.7569
0.7459
0.7588
0.7516
0.7429
0.7585
0.7480
0.7571
0.7643
0.0423
0.4051
0.4129
0.4473
0.4314
0.4654
0.4648
0.4723
0.4721
0.4774
0.4686
0.4096
0.4906
0.4949
0.4752
0.4967
0.4847
0.4864
0.5208
0.5250
0.4025
0.5401
0.3827
0.5949
0.7034
0.6708
0.6765
0.7182
0.6952
0.7425
0.5680
0.6977
0.7154
0.7105
0.7191
0.6279
0.5035
0.5505
0.7518
0.6179
0.4106
0.8119
0.6401
0.8151
0.4495
0.6238
0.8131
0.8394
0.8502
0.8510
0.8506
0.8103
0.8632
0.8744
0.8697
0.8382
0.8135
0.7360
0.5185
0.7107
0.8276
0.8610
0.7645
0.5666
0.9320
0.9589
0.9566
0.8040
0.4002
0.9570
0.8614
0.9119
0.9587
0.8697
0.9119
0.8897
0.8481
0.9562
0.9249
0.9672
0.9434
0.7783
0.5485
0.8903
0.7926
0.9395
0.4841
0.6342
0.7054
0.4597
0.6421
0.9758
0.6120
0.7781
0.9477
0.5387
0.9175
0.9654
0.5627
0.5318
0.3762
0.3544
0.6051
0.6904
0.4792
0.4752
0.5953
0.8687
0.9426
0.6895
0.9699
0.8217
0.9748
0.6796
0.8840
0.4680
0.3897
0.3575
0.4257
0.4768
0.9324
0.9733
0.9739
0.9538
0.4729
0.4035
0.4713
0.4837
0.5083
0.7254
0.6346
0.9503
0.9739
0.9774
0.9306
0.8324
0.9440
0.8536
0.6165
0.4782
0.9300
0.9717
0.6934
0.4159
0.3976
0.0489
0.0366
0.0273
0.0232
0.0389
0.0230
0.0257
0.0240
0.0210
0.0342
0.0212
0.0540
0.0594
0.0596
0.0586
0.0592
0.0592
0.0403
0.0552
0.0210
0.0307
0.0283
0.0283
0.0218
0.0397
0.0224
0.0206
0.0303
0.0295
0.3746
0.9809
0.9752
0.9786
0.8426
0.3768
0.7449
0.8801
0.6895
0.6177
0.4137
0.3345
0.4218
0.5749
0.9634
0.9642
0.6527
0.8092
0.6313
0.8457
0.7150
0.6232
0.5350
0.8015
0.8080
0.9007
0.5843
0.7246
0.5765
0.3825
0.9931
0.9888
0.6849
0.9923
0.9591
0.7095
0.9507
0.6769
0.9823
0.9391
0.9353
0.9890
0.9733
0.7822
0.7533
0.5497
0.9497
0.9623
0.9707
0.9748
0.9770
0.4699
0.8381
0.9784
0.9562
0.5631
0.5623
0.9562
0.9723
0.9898
0.9249
0.9385
0.9389
0.7353
0.9778
0.4900
0.8404
0.5849
0.9220
0.9961
0.6830
0.5645
0.5863
0.7219
0.9880
0.9876
0.8591
0.7478
0.3933
0.9860
0.7099
0.5364
0.7948
0.9843
0.9515
0.9688
0.9483
0.9815
0.9794
0.8310
0.5352
0.6714
0.9316
0.6914
0.5035
0.9906
0.3915
0.7500
0.8530
0.9092
0.9263
0.8901
0.9631
0.6246
0.8164
0.9853
0.9359
0.5303
0.9593
0.9676
0.9943
0.9908
0.9577
0.9053
0.9923
0.8044
0.9839
0.9418
0.8707
0.9593
0.5199
0.9391
0.9841
0.8109
0.7244
0.9406
0.9255
0.8577
0.9528
0.9760
0.9786
0.9695
0.9750
0.9764
0.9845
0.9534
0.8369
0.9235
0.9833
0.9847
0.8840
0.9699
0.9921
0.9833
0.9363
0.8467
0.5295
0.6643
0.7598
0.9908
0.9469
0.9815
0.9171
0.5051
0.8954
0.9914
0.6352
0.5654
0.5157
0.9910
0.9829
0.9796
0.9914
0.9849
0.8713
0.7408
0.6696
0.9760
0.6580
0.9446
0.9811
0.6806
0.7384
0.8565
0.9654
0.9927
0.9945
0.5140
0.5584
0.6350
0.8783
0.9599
0.9233
0.4404
0.9825
0.6537
0.8009
0.9204
0.9218
0.9304
0.9051
0.9866
0.9876
0.9906
0.4281
0.5031
0.5065
0.9249
0.9308
0.4939
0.9059
0.9249
0.7710
0.8530
0.7604
0.6289
0.6971
0.7934
0.7592
0.6435
0.8565
0.8813
0.6325
0.7561
0.6901
0.9249
0.9267
0.9218
0.9249
0.9290
0.5114
0.4933
0.4408
0.9739
0.9711
0.5825
0.9701
0.5157
0.4279
0.4479
0.2976
0.3732
0.7524
0.7777
0.8233
0.8750
0.5499
0.7396
0.9230
0.0305
0.0525
0.0568
0.0544
0.0472
0.0301
0.0482
0.8253
0.9279
0.8862
0.7526
0.6855
0.7921
0.8585
0.8947
0.7726
0.7453
0.4037
0.3290
0.4526
0.4180
0.7087
0.9815
0.6142
0.4182
0.9688
0.9939
0.9717
0.7300
0.3921
0.6185
0.8831
0.0597
0.9216
0.9703
0.9579
0.8685
0.9900
0.9914
0.8101
0.9064
0.4241
0.8096
0.9699
0.9915
0.9910
0.9770
0.9941
0.9860
0.9636
0.9752
0.9281
0.9744
0.9674
0.9344
0.9676
0.9868
0.9894
0.9939
0.9858
0.9682
0.9904
0.8070
0.9837
0.9805
0.7932
0.4285
0.8292
0.7960
0.9084
0.6164
0.3962
0.7736
0.9825
0.5499
0.9760
0.9338
0.9125
0.9735
0.9322
0.9792
0.4915
0.7767
0.5605
0.9727
0.9395
0.9112
0.9232
0.5882
0.9868
0.7284
0.9890
0.5798
0.9900
0.9721
0.9794
0.9870
0.7583
0.7663
0.9910
0.9868
0.9748
0.9880
0.9809
0.5596
0.9684
0.4621
0.6407
0.7101
0.9650
0.7687
0.9835
0.9544
0.8829
0.7783
0.9178
0.9611
0.4318
0.4969
0.4768
0.3736
0.4237
0.6407
0.8516
0.8693
0.9528
0.9163
0.7058
0.3886
0.6602
0.3646
0.5195
0.9021
0.9530
0.7557
0.9499
0.9813
0.9882
0.5055
0.6433
0.6604
0.6059
0.3031
0.4037
0.7030
0.9493
0.9609
0.9365
0.6128
0.9803
0.9575
0.9511
0.5938
0.3707
0.3056
0.6331
0.6769
0.5639
0.6523
0.3897
0.6331
0.8577
0.8852
0.3970
0.5069
0.5800
0.3947
0.7241
0.9031
0.5368
0.9884
0.9774
0.8892
0.7976
0.3439
0.3235
0.3603
0.5096
0.3945
0.9540
0.9904
0.5081
0.9849
0.9283
0.8878
0.6460
0.3595
0.4929
0.4890
0.7140
0.4957
0.8616
0.9212
0.7419
0.9074
0.9648
0.3221
0.4638
0.5450
0.6940
0.4980
0.8970
0.9851
0.9279
0.9886
0.8131
0.8498
0.7079
0.7024
0.4074
0.5784
0.9235
0.8728
0.9896
0.8722
0.9888
0.9294
0.6808
0.8868
0.9743
0.9792
0.8856
0.8862
0.9711
0.9864
0.9862
0.7303
0.8984
0.7942
0.8807
0.8202
0.8978
0.9908
0.8414
0.9009
0.8915
0.5596
0.3978
0.7064
0.7203
0.8044
0.6623
0.9858
0.9823
0.9212
0.8518
0.8406
0.9279
0.9760
0.5214
0.6458
0.7691
0.7785
0.9774
0.9359
0.9796
0.9483
0.9860
0.8365
0.9410
0.9768
0.6623
0.6741
0.6924
0.6221
0.4684
0.3388
0.9538
0.9155
0.7866
0.8884
0.3789
0.6103
0.4703
0.4397
0.0495
0.0366
0.0326
0.6557
0.8886
0.9247
0.9898
0.9900
0.9925
0.7921
0.8601
0.9894
0.7873
0.9778
0.7993
0.8052
0.5949
0.4629
0.9532
0.9770
0.9894
0.9579
0.9289
0.9717
0.9088
0.6386
0.6661
0.9670
0.9811
0.9794
0.7551
0.9733
0.8905
0.9758
0.6177
0.9786
0.9613
0.8581
0.6350
0.9713
0.9790
0.9829
0.9827
0.9860
0.9927
0.9788
0.9921
0.9412
0.9803
0.9888
0.9719
0.9621
0.6335
0.8516
0.9709
0.9921
0.9910
0.9719
0.9902
0.9719
0.9640
0.6586
0.6382
0.8972
0.9768
0.6592
0.8176
0.9892
0.9778
0.9774
0.9817
0.9701
0.9175
0.8701
0.9851
0.9701
0.3634
0.3693
0.4858
0.7056
0.9051
0.9552
0.7239
0.8870
0.5841
0.8137
0.8046
0.8522
0.4566
0.7191
0.8300
0.4837
0.5218
0.0185
0.0210
0.0210
0.0450
0.0409
0.0312
0.0405
0.0535
0.0204
0.0200
0.0195
0.4171
0.4169
0.7131
0.6739
0.3831
0.8970
0.8190
0.8534
0.5599
0.8675
0.8021
0.3585
0.9322
0.9627
0.7274
0.6651
0.9629
0.9886
0.7706
0.8158
0.9011
0.5377
0.6885
0.9481
0.9776
0.9884
0.9206
0.7113
0.4825
0.3681
0.3675
0.9680
0.9778
0.7543
0.9857
0.9518
0.9858
0.9929
0.9469
0.9864
0.8412
0.9906
0.9033
0.9888
0.9839
0.9098
0.9644
0.6162
0.4725
0.9141
0.9890
0.9939
0.9880
0.9835
0.9302
0.6360
0.3854
0.9794
0.5737
0.9851
0.9886
0.9884
0.9772
0.9853
0.9127
0.9868
0.9882
0.9776
0.9379
0.9367
0.9876
0.9914
0.9876
0.9328
0.9927
0.9011
0.9886
0.9927
0.9866
0.9912
0.9524
0.7317
0.8571
0.8365
0.9489
0.8567
0.9862
0.0358
0.9739
0.9953
0.9858
0.9888
0.9369
0.9092
0.8058
0.9894
0.7897
0.9914
0.9695
0.9750
0.8318
0.8211
0.8502
0.9670
0.9792
0.8964
0.9401
0.9811
0.8553
0.9837
0.8996
0.9921
0.9886
0.9941
0.9682
0.8768
0.9835
0.9748
0.4860
0.8520
0.7508
0.6340
0.9819
0.8778
0.8935
0.9762
0.9257
0.8276
0.7653
0.8579
0.9670
0.9786
0.9424
0.9823
0.9902
0.9196
0.9786
0.9872
0.9817
0.4098
0.7337
0.8384
0.6219
0.7103
0.9192
0.8333
0.8807
0.9243
0.7229
0.7779
0.8035
0.3911
0.3740
0.7757
0.0379
0.0590
0.0584
0.0590
0.0381
0.0554
0.0491
0.0425
0.0454
0.0230
0.0540
0.0592
0.0594
0.0564
0.0375
0.0480
0.0546
0.0368
0.0592
0.0546
0.0466
0.0350
0.0442
0.0574
0.0415
0.0596
0.0389
0.0596
0.0383
0.0324
0.0421
0.0542
0.0592
0.0350
0.0546
0.0421
0.0259
0.0533
0.0596
0.0432
0.0206
0.0346
0.0499
0.0539
0.0381
0.0590
0.0594
0.7636
0.9860
0.9882
0.9544
0.9542
0.9782
0.5837
0.9823
0.9908
0.9976
0.9955
0.9603
0.9941
0.9874
0.6901
0.8801
0.9821
0.9725
0.9695
0.9833
0.9729
0.9935
0.9935
0.9900
0.9300
0.9843
0.9686
0.9904
0.9886
0.9530
0.6325
0.9062
0.9646
0.9821
0.9709
0.9878
0.9277
0.6309
0.9363
0.9827
0.9803
0.7797
0.7575
0.8848
0.8929
0.9886
0.9794
0.9782
0.9949
0.9752
0.9949
0.8868
0.8783
0.7408
0.7740
0.6881
0.9876
0.9866
0.9888
0.9851
0.9811
0.9479
0.9884
0.9855
0.8691
0.9298
0.9878
0.9868
0.9914
0.9705
0.5159
0.7752
0.5413
0.6682
0.6221
0.3821
0.6726
0.6274
0.7541
0.9257
0.9864
0.9518
0.7358
0.8206
0.6299
0.8153
0.3567
0.7176
0.4774
0.3029
0.2964
0.4805
0.7189
0.6321
0.7663
0.3693
0.7636
0.7854
0.9410
0.8833
0.8119
0.6134
0.4499
0.3966
0.7744
0.6586
0.8143
0.9876
0.9841
0.8608
0.9752
0.9721
0.9228
0.5706
0.6171
0.4446
0.8728
0.4890
0.5006
0.9334
0.9526
0.3768
0.5401
0.5419
0.9334
0.9813
0.9855
0.9839
0.9943
0.9943
0.9862
0.9904
0.9839
0.7221
0.9627
0.8398
0.9774
0.9904
0.9277
0.6940
0.9446
0.9931
0.9310
0.9927
0.9251
0.9589
0.9798
0.8919
0.6932
0.9959
0.9900
0.7313
0.6354
0.8813
0.9739
0.8870
0.9821
0.6659
0.9475
0.9538
0.7907
0.9194
0.9153
0.9929
0.6441
0.8282
0.4699
0.7976
0.7172
0.4100
0.9882
0.9974
0.9906
0.9739
0.7952
0.8551
0.9864
0.9855
0.9458
0.8950
0.9758
0.8605
0.8534
0.8153
0.8210
0.9746
0.9640
0.9957
0.9959
0.9868
0.9847
0.9900
0.9233
0.5063
0.4640
0.6083
0.6584
0.0464
0.0576
0.9853
0.9939
0.6205
0.6405
0.8950
0.6690
0.9915
0.3412
0.4336
0.9224
0.9585
0.3923
0.9617
0.4752
0.3239
0.6392
0.6421
0.9811
0.6625
0.7003
0.9878
0.6810
0.6847
0.4088
0.7117
0.6914
0.8781
0.9711
0.9190
0.2921
0.9375
0.9908
0.8813
0.9843
0.5379
0.7449
0.5495
0.2997
0.0594
0.0597
0.0574
0.0474
0.6533
0.5973
0.4723
0.5615
0.6667
0.9684
0.6234
0.7980
0.9831
0.9839
0.9951
0.8595
0.9355
0.8359
0.9798
0.9965
0.0574
0.7869
0.9815
0.3314
0.7264
0.9212
0.5765
0.9432
0.9923
0.9947
0.8498
0.9917
0.9919
0.8866
0.8337
0.9660
0.9660
0.5574
0.9090
0.7272
0.3247
0.9636
0.7905
0.0574
0.9910
0.9949
0.9849
0.9479
0.4855
0.5515
0.9943
0.9872
0.9947
0.7968
0.9949
0.8033
0.9059
0.9241
0.9933
0.9925
0.9965
0.9961
0.9919
0.9837
0.8532
0.9198
0.9587
0.8011
0.6635
0.6016
0.7714
0.9837
0.9819
0.9933
0.9289
0.8272
0.1763
0.9593
0.6568
0.7691
0.5739
0.6449
0.8164
0.9568
0.9312
0.9446
0.9709
0.9923
0.9552
0.9882
0.9843
0.8962
0.8632
0.9800
0.9688
0.8982
0.9650
0.8418
0.8581
0.9430
0.8331
0.8518
0.7205
0.9055
0.9566
0.9269
0.9310
0.7736
0.9237
0.9287
0.8418
0.9259
0.9143
0.9222
0.8793
0.8984
0.8982
0.8935
0.8783
0.8758
0.8732
0.8593
0.8217
0.4843
0.4298
0.5539
0.6926
0.7142
0.4222
0.6051
0.3799
0.3821
0.7266
0.6946
0.4984
0.3597
0.5910
0.5662
0.2862
0.3029
0.3748
0.3451
0.5077
0.6242
0.6053
0.3581
0.6303
0.7085
0.6582
0.6433
0.4045
0.4619
0.4308
0.3217
0.4589
0.2117
0.2235
0.3848
0.3198
0.4998
0.3591
0.3827
0.1993
0.3259
0.4253
0.2742
0.2537
0.3984
0.2734
0.5106
0.2258
0.5690
0.3430
0.5077
0.4971
0.4475
0.2618
0.2032
0.3931
0.2134
0.2834
0.2516
0.2862
0.3494
0.4176
0.3831
0.5149
0.2712
0.4027
0.4332
0.4900
0.4707
0.3746
0.3035
0.3092
0.4037
0.3921
0.3858
0.3831
0.3740
0.3660
0.3646
0.3550
0.3573
0.3548
0.3524
0.3483
0.3461
0.3426
0.3377
0.3341
0.1566
0.2956
0.2756
0.1545
0.1482
0.1348
0.0483
0.0460
0.0798
0.0882
0.0879
0.0865
0.0428
0.0426
0.0806
0.0802
0.0637
0.0745
0.0755
0.0694
0.0757
0.0745
0.0747
0.0745
0.0662
0.0641
0.0670
0.0656
0.0653
0.0649
0.0619
0.0609
0.0582
0.7563
0.7579
0.7486
0.7600
0.7455
0.7541
0.7586
0.7514
0.7455
0.7455
0.7445
0.7547
0.7512
0.7531
0.7459
0.7541
0.7586
0.7520
0.7443
0.7471
0.0000
